-19.583 227 320 40
-12.082 384 303 30
-16.950 28 278 20
34.479 271 317 20
50.134 143 433 30
-22.737 338 141 20
-12.026 245 490 30
-28.850 415 39 20
-19.141 261 36 20
-18.836 130 371 30
-18.796 229 351 40
36.588 148 193 20
32.219 45 357 20
-17.774 480 85 40
-14.780 61 191 20
36.346 148 286 40
-19.214 380 77 60
-32.188 27 91 50
-24.585 417 329 30
27.859 104 6 20
-19.168 381 28 20
51.772 438 128 20
-27.030 49 148 30
-18.134 51 301 30
-27.884 9 205 20
-28.370 268 304 20
-22.366 243 483 130
-14.692 373 409 20
46.680 184 92 20
-18.581 438 47 20
-16.423 236 17 100
31.095 459 320 30
-22.987 54 5 30
-20.394 45 484 20
38.124 294 457 30
49.480 474 187 20
-39.177 206 243 30
-21.948 182 245 20
-13.113 338 489 20
32.406 83 298 20
-22.949 184 474 70
46.669 256 381 20
-23.714 96 50 20
-13.007 292 368 20
-19.387 422 7 20
-22.672 142 65 30
38.055 320 441 30
-15.499 425 298 30
-20.367 315 394 20
-15.753 33 6 20
46.740 189 45 20
-20.281 356 373 20
-19.952 475 452 30
31.447 361 53 30
33.276 301 128 30
-18.158 196 186 20
30.603 40 78 30
-24.258 38 223 20
39.199 409 380 30
34.898 406 251 20
33.171 55 287 20
35.942 400 71 40
36.162 321 187 50
38.015 129 263 40
-28.711 489 220 20
-12.111 239 131 20
-20.391 373 245 20
-21.667 91 27 20
-22.332 201 11 20
-12.014 18 243 60
50.070 50 217 30
28.251 465 353 30
48.247 324 89 30
-15.132 228 156 50
-16.978 172 249 20
37.155 119 354 30
-13.509 352 313 20
34.162 120 383 40
-19.926 20 110 20
-19.236 230 431 20
-26.608 129 137 60
-37.338 12 117 30
37.212 431 19 20
-16.796 299 316 100
-13.615 38 384 20
29.991 356 273 20
-21.794 61 22 20
-15.687 456 105 60
-25.295 270 243 40
-22.131 148 41 20
-16.618 466 420 60
-20.186 185 156 60
27.761 80 319 30
34.534 385 415 20
-28.349 228 440 80
26.445 390 22 20
-19.577 163 411 20
-23.145 28 57 70
-14.066 486 418 20
-18.649 309 11 30
46.269 483 57 30
29.687 48 19 20
53.405 25 416 40
-17.462 230 326 20
-21.958 67 469 30
-19.740 17 220 20
-9.255 480 269 20
-21.940 126 167 40
-14.701 301 328 30
-28.346 204 265 20
-15.623 379 145 20
-16.688 439 251 20
-17.270 469 27 20
-11.087 443 273 20
-21.632 71 482 20
-19.727 336 183 30
-19.212 107 87 20
35.487 311 421 20
46.331 384 195 20
32.011 450 245 20
-21.737 128 167 30
-22.958 360 84 20
-22.943 24 159 40
33.123 105 100 30
-14.435 246 413 20
-12.974 485 300 20
35.109 466 473 30
36.560 21 483 20
47.066 239 263 20
-30.552 456 161 40
-20.593 93 464 40
-14.478 63 351 50
-14.638 450 473 30
-30.896 229 452 30
-19.194 130 467 30
20.301 163 5 20
-27.450 427 204 120
-24.870 153 299 20
25.193 436 364 20
-26.532 396 347 20
28.903 132 407 30
-20.938 394 420 20
-18.347 98 233 110
32.104 143 177 20
-12.621 301 431 20
34.280 257 306 20
-21.942 303 471 50
48.805 409 137 30
-20.151 162 395 20
-15.686 52 366 20
-21.447 273 432 30
-16.379 167 152 30
-16.313 128 213 20
50.413 218 486 40
29.065 327 293 20
-18.023 171 286 20
-14.380 421 286 120
32.719 399 303 20
-21.969 283 315 30
38.482 18 464 30
28.879 122 197 20
-22.415 119 316 20
-21.290 295 189 20
-33.320 391 181 40
-18.615 333 343 20
-13.271 437 7 20
-20.605 318 207 70
-21.498 367 110 40
-18.645 122 231 20
-17.757 112 331 20
33.926 445 382 20
-31.628 274 83 30
-14.884 243 306 30
35.000 371 233 30
-20.700 434 448 60
-24.974 450 360 30
-16.265 263 402 20
58.117 381 352 50
27.423 342 7 20
36.706 149 312 20
-28.113 311 144 70
-15.086 242 300 70
-24.440 395 149 40
-20.506 166 259 30
29.835 208 421 40
-23.881 85 93 50
32.478 101 429 20
-21.209 477 346 30
51.033 428 414 30
-23.499 423 140 40
-12.690 475 256 20
-24.986 355 223 40
-20.389 86 415 90
-23.363 288 220 30
-21.553 244 35 30
33.717 242 384 20
-15.869 476 79 20
-17.620 397 109 20
38.723 244 322 30
-22.343 79 259 20
-22.228 163 319 60
-16.754 116 367 20
-21.143 16 293 30
51.892 68 11 20
-19.191 374 125 20
-27.052 134 450 40
-22.536 97 130 30
-15.700 332 280 30
47.792 213 275 20
42.661 431 431 20
-28.710 90 287 30
31.827 88 16 20
46.025 193 334 20
-17.552 491 252 20
-16.231 388 455 20
27.434 38 158 20
-13.736 66 348 20
58.526 241 76 20
28.929 365 384 20
-14.466 452 472 20
-24.178 269 50 20
-28.807 254 213 20
45.317 343 371 30
54.104 176 403 40
-16.826 139 20 20
29.758 244 281 20
31.695 176 213 40
35.819 84 42 40
-29.664 357 237 20
-24.593 332 358 30
35.672 100 450 30
-15.186 358 425 20
-13.759 450 295 20
-23.801 149 114 60
-21.257 283 313 20
-17.520 193 98 20
-23.886 484 177 20
-23.400 108 283 20
42.113 251 440 20
30.666 156 145 20
45.465 12 152 30
33.361 435 332 20
-19.698 144 268 40
-15.399 403 288 20
42.349 410 51 30
-14.405 188 266 20
-17.553 339 281 60
52.701 298 277 20
-18.559 132 373 20
-24.995 294 170 20
-31.173 440 419 20
45.656 244 459 40
33.937 73 194 20
-22.226 205 114 20
54.481 210 22 30
-9.295 391 323 120
-25.119 346 382 20
27.600 491 356 40
30.425 10 281 40
-20.952 423 400 20
49.282 145 132 20
-15.935 203 283 20
-20.546 479 371 60
-15.740 223 14 20
26.712 183 319 30
-26.592 225 403 80
-20.108 367 185 50
52.767 109 143 40
52.603 335 222 50
-19.779 293 115 20
-12.841 429 85 30
52.564 60 135 40
-33.453 281 276 40
-28.632 171 38 30
49.568 105 319 40
35.750 196 139 30
-15.957 115 12 30
32.193 247 387 100
30.652 461 57 30
-21.701 306 110 20
23.922 124 440 30
-21.489 235 333 20
-28.892 189 222 20
-25.543 189 397 20
27.651 357 19 20
34.022 246 344 30
27.376 407 269 20
-21.772 490 46 20
-34.092 112 306 20
54.889 102 63 30
-12.450 384 290 70
23.234 214 171 20
-26.779 255 472 40
-16.210 62 414 20
39.217 217 364 20
34.648 418 80 20
-16.992 39 244 90
55.312 358 98 30
-21.638 3 229 20
-21.871 332 452 30
-17.339 168 368 40
32.058 284 375 20
-23.547 33 488 30
-23.403 60 37 80
-20.001 457 425 20
29.521 81 351 30
-15.661 176 483 20
18.109 36 361 100
-16.587 89 488 20
23.932 160 248 20
47.653 467 151 30
-22.362 152 378 30
25.564 100 389 20
48.788 283 237 20
50.761 400 167 30
-25.453 99 213 20
-30.215 439 218 20
36.543 427 226 30
51.678 124 115 40
47.941 159 34 20
-25.389 458 226 30
-21.208 339 93 40
30.232 366 213 20
27.491 120 456 20
23.076 182 3 20
-22.263 282 63 20
34.001 116 219 40
-20.335 206 181 20
-26.576 389 258 30
-19.247 32 25 40
28.977 365 71 20
-20.487 155 268 50
-15.382 116 483 30
-13.840 413 228 20
-20.353 74 381 20
-12.337 390 391 80
34.377 337 66 20
36.366 276 37 40
-21.608 361 160 50
-27.686 381 208 20
-21.339 317 74 30
50.188 351 393 20
27.208 25 38 20
-20.715 111 275 60
-18.689 420 364 60
-22.998 56 112 40
31.967 190 175 30
-26.421 231 478 20
-25.346 212 469 20
22.329 257 173 20
-13.520 27 339 20
-13.214 142 203 20
-24.332 106 45 60
36.916 448 33 30
-24.622 251 260 20
-21.047 294 244 20
30.457 56 257 20
55.295 476 105 40
-23.411 341 153 20
-22.391 140 57 20
-30.219 278 248 30
-30.230 279 168 40
-28.836 468 215 30
-22.338 149 376 20
32.783 8 441 40
-17.138 359 398 20
-24.106 277 325 20
33.478 487 71 30
47.948 193 111 30
-15.205 457 264 20
-22.646 378 183 20
31.294 43 44 20
-12.337 388 324 20
-21.214 145 216 140
-21.989 17 205 70
-22.548 258 329 50
-19.869 74 276 20
-20.782 363 37 20
29.506 315 332 20
-17.286 42 235 60
45.527 400 38 30
33.286 109 257 20
-26.113 321 427 20
-22.254 110 187 30
29.793 57 242 20
23.639 323 11 20
51.870 303 45 20
-15.767 346 45 40
-14.136 428 253 100
37.151 351 181 30
-11.329 272 412 20
-21.387 494 388 20
-19.708 202 151 20
51.097 76 438 30
52.907 268 262 60
-26.990 271 15 70
26.253 106 164 20
16.052 84 166 90
29.514 105 474 20
-24.112 402 22 30
29.713 175 339 30
-13.768 482 25 40
-19.933 452 448 20
-21.719 90 437 30
-20.642 88 434 20
-23.913 454 44 20
32.164 179 448 20
33.386 474 333 30
-25.010 87 197 20
-23.214 467 395 30
-21.507 428 344 30
-20.882 307 404 70
42.902 253 52 40
36.578 206 394 50
39.225 127 52 40
-14.507 264 105 20
-14.667 487 325 30
-18.689 72 131 20
26.118 75 167 20
-21.981 110 436 30
32.183 445 344 30
26.346 86 480 20
-22.849 332 138 20
-24.237 209 129 50
-19.762 172 53 20
34.309 181 360 20
-21.372 452 75 40
-16.797 267 110 60
-16.520 84 450 30
-20.532 49 183 30
55.355 70 400 60
26.174 358 414 20
-17.767 270 376 30
-32.479 334 246 90
-30.548 228 245 20
42.686 399 491 20
30.477 58 483 20
33.715 406 197 50
20.997 114 406 20
-21.806 288 442 20
-16.665 262 418 120
-12.165 82 224 30
21.911 202 472 20
-13.971 343 276 20
-20.551 419 126 30
-25.574 180 103 20
31.205 66 304 20
-20.154 468 380 30
-26.314 33 129 20
-22.521 87 63 20
-20.395 21 400 20
28.101 446 61 20
46.399 86 275 20
36.414 288 77 30
-23.168 416 423 30
15.909 398 330 20
34.444 221 116 30
-12.081 17 241 50
-19.708 266 277 20
-18.599 136 353 50
30.829 250 401 30
-20.020 349 113 50
-16.722 190 450 20
-18.359 142 396 20
-21.252 359 168 30
36.210 165 105 40
-18.131 305 448 20
25.019 41 274 40
30.001 139 159 30
28.961 411 8 30
34.518 299 209 30
-13.774 442 480 110
35.981 320 366 20
-21.891 346 440 30
-18.012 485 341 40
33.735 43 195 20
58.198 418 457 40
-18.028 232 312 20
-18.629 213 55 20
-19.240 488 236 20
-13.217 72 235 30
-28.547 187 201 30
-25.949 106 415 20
27.302 491 142 20
33.650 352 146 20
-26.895 55 81 30
-14.998 65 234 20
-21.677 58 63 20
-28.767 72 143 20
-28.045 91 308 30
-23.804 114 128 20
-18.433 42 254 30
31.598 231 39 20
-16.742 21 368 20
-15.292 142 226 20
-19.802 216 378 40
-16.157 51 400 20
34.080 86 212 30
-13.616 279 443 90
33.166 122 288 20
-12.133 309 341 20
-17.405 135 313 20
33.932 133 482 20
-19.288 164 188 60
-17.277 368 273 20
-21.749 155 90 30
-21.473 253 148 30
-19.625 52 69 20
-11.326 401 97 20
-30.417 228 456 20
-13.937 318 314 40
-21.639 132 292 20
-17.827 402 313 20
-23.430 37 289 20
35.560 109 24 20
-28.400 297 289 20
-15.947 463 305 20
-18.644 171 90 20
-23.555 75 122 60
36.908 478 227 30
39.293 464 445 20
-38.436 107 113 20
-24.814 416 64 30
-13.809 438 99 20
-13.734 427 394 90
-18.247 333 29 20
-27.561 223 179 20
-25.687 325 376 20
-22.496 466 177 20
-20.428 153 440 20
-11.463 360 289 20
-24.530 296 62 40
55.651 377 170 40
-21.024 260 195 20
-29.414 395 52 30
25.493 68 104 20
-27.389 424 173 20
37.505 289 480 20
37.808 39 176 20
32.807 262 77 20
-24.713 371 364 20
31.850 343 131 20
30.708 383 445 20
-34.291 294 263 20
-21.490 67 209 50
29.693 125 153 20
45.934 51 97 30
-20.785 488 163 30
-14.618 47 452 20
-15.285 461 298 70
-19.125 62 446 20
34.243 155 366 20
-16.245 374 391 20
-16.066 225 147 20
-26.819 130 139 50
52.692 157 56 50
56.457 270 465 30
-16.380 119 20 20
-22.351 55 271 30
-10.709 440 273 30
-15.893 326 392 20
-17.121 323 58 30
-22.192 155 464 20
-16.621 414 259 20
-15.491 454 104 70
-23.810 45 130 20
32.278 265 208 20
-15.192 30 324 100
-17.839 397 236 20
-15.027 152 351 20
56.207 294 155 40
-14.618 253 293 20
-21.812 475 361 20
-34.521 257 451 20
-24.661 187 347 30
-18.663 341 433 20
-18.231 118 66 40
-18.994 482 280 20
21.105 486 444 20
27.855 394 431 20
-24.774 241 240 20
-10.908 325 37 20
-19.204 393 125 20
-24.860 413 213 40
-15.371 428 302 20
-24.579 304 228 100
45.793 180 259 20
-17.894 253 158 20
-16.556 236 291 20
-15.427 171 352 20
-16.700 155 472 20
-17.382 30 14 50
-27.483 487 112 20
35.843 224 336 20
48.224 104 296 30
53.478 312 256 80
35.102 362 126 20
-31.386 129 425 20
53.069 443 179 80
33.265 53 336 20
-25.023 293 490 20
-16.778 321 55 50
-17.945 207 74 60
-14.422 14 236 20
-16.283 55 384 20
-20.493 107 459 20
-23.258 84 385 60
-17.772 161 235 20
-16.855 360 396 20
34.168 234 173 20
39.452 419 314 40
45.521 101 201 20
-17.107 16 324 20
43.063 127 98 20
-15.099 31 402 20
-24.673 323 140 20
34.448 85 138 30
-10.787 485 489 20
-19.604 17 171 130
33.823 71 86 20
-25.622 142 43 40
29.196 464 89 20
41.670 20 133 40
32.627 223 66 20
33.411 289 429 30
-30.439 363 340 60
-21.462 265 284 70
51.590 292 13 40
30.236 475 40 30
-9.375 5 375 20
-28.320 308 84 20
33.336 327 404 20
-20.161 154 160 40
55.981 284 298 50
-21.658 123 166 50
40.488 411 345 40
13.290 483 403 90
-26.764 342 404 40
24.997 318 485 20
-20.854 314 171 20
-23.362 256 317 20
-23.185 41 108 20
-21.155 134 190 30
-26.656 64 324 40
29.515 481 390 30
46.278 47 59 20
-25.456 281 140 50
51.263 424 159 40
-22.447 485 373 20
-23.080 370 13 30
-23.755 298 29 40
36.578 171 275 20
-21.143 10 474 20
-20.534 25 434 40
34.889 369 432 20
-17.269 443 19 20
-22.968 200 444 20
-11.600 309 343 30
-16.988 353 72 20
-17.246 238 87 20
-18.608 128 368 40
52.290 292 95 110
-22.408 315 109 90
-18.268 473 440 20
-27.947 277 478 20
-23.886 154 414 90
-16.102 201 73 20
-20.203 76 382 30
-21.343 374 253 20
-31.298 418 179 60
-17.747 105 374 20
-22.180 334 172 50
-18.257 32 186 20
58.230 349 458 40
-23.552 237 57 50
-16.659 312 201 30
52.139 347 351 40
-21.941 133 248 20
36.647 170 166 20
32.208 215 309 50
-22.842 160 441 50
-23.648 250 264 30
-26.411 223 269 20
-18.505 392 404 20
18.914 310 64 20
-23.538 244 11 20
-24.362 411 469 20
-28.530 239 183 20
-25.965 471 131 90
-22.088 129 278 30
-37.805 95 148 20
40.780 282 208 20
-46.060 447 330 20
53.186 214 453 40
-17.862 403 88 50
-22.855 156 439 30
57.014 268 156 40
-15.993 330 279 20
-13.522 136 334 20
-23.369 12 6 20
-33.316 251 67 30
37.011 287 181 20
-19.888 413 431 90
38.267 26 230 20
-26.531 255 470 30
-15.510 452 104 80
-17.622 345 40 20
28.022 290 396 30
-24.694 91 331 30
-16.306 82 82 20
-22.517 293 33 30
-32.945 457 191 50
-17.524 427 375 50
44.443 177 25 40
-20.052 361 366 70
-33.705 193 14 50
28.748 167 475 20
-22.351 208 328 50
46.525 216 255 30
-12.769 76 233 20
-13.686 249 414 30
-21.198 489 191 50
-15.730 345 49 50
-26.694 311 93 20
-19.161 432 194 20
-17.479 334 119 20
33.717 334 421 30
-14.980 61 359 90
34.146 16 22 30
-17.784 132 316 30
40.962 130 12 20
-15.310 263 87 20
35.900 169 301 40
49.598 152 453 20
46.607 143 240 20
53.493 331 151 20
-9.654 322 340 20
-22.353 206 35 20
51.809 11 101 40
-15.923 375 464 80
-19.887 142 146 20
29.251 395 216 30
-13.793 79 182 30
55.691 361 253 40
-16.816 21 266 30
-22.653 202 486 20
28.731 118 423 20
32.788 59 459 20
-19.118 28 394 70
-20.548 411 148 20
51.071 453 213 40
-24.229 159 17 40
-17.649 57 228 20
31.191 475 168 20
28.005 447 286 20
