2.99 46.51
39.09 85.34
29.90 79.20
23.27 10.25
28.91 19.29
13.59 13.74
59.96 50.83
30.30 47.49
-19.94 54.35
55.41 74.13
14.46 84.30
19.59 61.96
13.65 101.02
-31.21 60.31
10.01 79.48
-22.42 58.96
39.54 26.00
23.13 22.98
-5.61 17.64
-12.25 86.47
23.48 38.50
20.83 67.87
-16.04 34.13
-7.70 62.18
41.48 77.69
-15.19 67.70
0.71 80.02
5.18 26.71
24.53 49.71
7.41 90.76
61.94 53.17
32.42 37.33
-2.89 77.17
9.40 59.87
16.23 29.45
36.78 49.14
45.77 48.16
11.08 53.01
24.11 63.32
-20.02 58.03
18.54 21.05
-15.76 28.77
15.78 86.78
19.91 81.99
32.59 65.59
21.72 44.08
37.83 65.71
-28.43 67.45
-25.65 73.04
7.81 9.28
25.88 28.84
-35.42 52.52
2.96 77.86
-25.14 60.39
19.77 42.14
-4.45 84.60
-2.02 56.68
4.52 97.13
20.40 20.80
-5.42 71.04
66.41 62.05
41.14 53.16
-28.67 53.77
16.06 76.62
26.96 95.84
5.14 70.90
21.42 41.80
36.48 77.69
7.02 42.98
1.42 19.83
-14.37 63.25
9.74 27.55
29.57 56.74
-6.98 63.14
22.04 103.96
46.59 31.77
4.84 99.12
0.53 96.22
-13.00 51.00
17.54 8.66
5.11 55.57
19.40 21.77
1.01 35.46
20.11 2.14
-18.46 32.33
37.92 47.35
16.11 19.49
-16.54 83.23
39.44 84.67
17.41 73.25
-7.60 26.81
24.98 78.39
17.48 21.16
2.81 92.62
12.27 53.76
9.57 71.38
12.09 56.04
32.11 60.88
36.67 44.54
-9.06 93.54
