31.87 53.12
98.09 51.40
84.39 55.41
17.31 6.45
30.92 7.27
12.69 15.39
83.31 4.22
54.07 26.83
22.53 79.27
99.85 29.24
76.19 71.63
59.19 50.78
89.62 86.23
18.15 95.83
67.17 71.71
25.93 83.12
45.89 2.04
28.46 15.34
1.60 38.76
58.76 97.17
42.50 25.05
66.98 54.14
7.06 56.79
38.85 76.50
90.54 43.52
37.95 85.14
61.71 83.21
16.69 37.79
53.74 36.29
77.69 82.74
83.00 3.58
50.15 18.77
56.50 82.99
48.71 57.44
28.12 26.86
60.31 23.76
68.32 14.95
47.79 50.70
64.51 46.80
25.28 82.78
23.63 18.28
6.17 57.88
80.68 72.80
80.32 65.55
75.20 41.59
44.44 34.41
77.35 36.48
29.04 95.69
35.81 99.44
4.08 17.80
37.97 16.87
6.48 92.30
61.54 79.33
25.49 89.41
45.04 32.86
61.38 90.02
38.77 63.54
79.53 90.44
26.27 14.87
49.97 79.78
98.59 7.26
69.64 24.20
13.39 87.96
68.00 64.13
97.21 69.70
57.25 68.84
43.38 33.38
89.39 46.69
34.64 46.36
9.69 33.75
35.34 81.58
23.12 30.87
65.31 36.56
38.35 73.73
99.37 81.36
55.99 0.76
82.98 92.62
74.35 93.59
25.19 70.93
11.77 11.17
43.63 57.02
24.99 19.05
23.96 47.08
8.84 1.15
2.59 61.74
61.96 20.17
20.07 17.65
49.86 99.07
95.70 51.35
69.83 62.20
6.95 46.21
80.09 56.52
24.39 19.93
76.80 88.32
48.81 50.11
61.65 66.70
47.40 53.26
68.16 39.78
58.66 20.40
65.63 99.47
