-21.8 -219.3
-33.3 -217.5
-28.8 -225.5
-20.0 -232.8
-10.3 -239.3
0.7 -241.4
10.5 -246.1
19.7 -253.3
30.4 -257.0
41.2 -254.2
51.3 -248.4
57.3 -239.4
55.9 -228.1
52.4 -217.0
59.7 -209.5
64.2 -199.5
58.1 -191.2
47.5 -191.4
36.0 -191.4
27.5 -184.5
30.1 -175.0
40.3 -172.9
50.0 -167.9
57.6 -159.2
66.5 -151.7
77.1 -147.0
88.5 -144.9
100.1 -144.6
109.8 -139.0
119.9 -133.1
129.9 -127.1
130.1 -116.5
128.8 -104.9
125.2 -93.9
117.1 -85.8
106.9 -80.0
95.6 -77.4
85.3 -72.0
75.5 -65.7
69.9 -55.6
70.9 -44.0
74.2 -32.8
78.9 -22.1
85.3 -12.4
95.0 -5.9
104.3 1.2
112.9 9.1
124.2 11.8
135.6 9.5
144.9 2.6
152.6 -6.2
162.9 -11.6
173.2 -6.5
182.8 0.1
184.2 11.2
179.8 21.8
177.0 33.0
170.4 42.4
164.6 52.4
163.9 63.6
165.4 75.2
164.4 86.7
162.1 98.2
159.1 109.4
154.5 120.1
149.8 130.8
149.8 142.2
153.6 153.2
158.4 163.8
166.6 171.9
167.2 182.1
160.7 191.6
150.7 197.3
139.6 200.9
128.2 203.0
116.9 206.1
106.2 210.8
95.1 214.3
83.5 213.8
72.0 211.8
61.5 206.9
52.6 199.4
43.1 192.7
33.6 185.8
24.3 178.8
14.6 172.4
4.3 166.8
-5.6 160.6
-0.9 150.6
9.7 150.3
21.2 152.1
28.6 144.8
33.6 134.3
36.6 123.0
36.2 111.5
38.5 100.3
40.5 88.9
44.8 78.2
45.6 66.9
46.7 55.4
46.4 43.8
45.9 32.1
39.8 23.4
31.5 31.6
20.9 36.0
12.2 43.4
16.9 54.1
25.4 61.9
32.8 69.1
31.7 80.8
30.1 92.3
27.3 103.5
20.1 111.6
12.8 109.5
9.5 98.6
1.3 90.5
-6.9 83.0
-11.1 72.2
-12.4 60.7
-13.0 49.2
-17.5 38.7
-24.8 29.6
-30.9 25.5
-30.9 36.6
-29.7 47.2
-37.1 52.9
-47.4 49.8
-52.2 56.6
-44.5 64.3
-42.0 75.7
-46.6 81.8
-58.2 82.4
-57.6 91.1
-47.4 95.6
-46.4 104.3
-50.7 115.1
-57.4 124.6
-50.9 132.3
-42.7 138.8
-51.8 146.1
-62.5 141.7
-73.0 146.8
-84.5 149.0
-96.1 147.7
-93.8 137.7
-93.4 126.2
-94.9 114.6
-102.8 106.6
-114.1 104.5
-123.8 98.2
-127.7 87.4
-128.5 75.8
-137.7 68.7
-148.8 65.2
-159.1 59.8
-170.7 59.7
-179.9 66.9
-190.7 64.2
-201.7 60.1
-213.2 61.0
-216.5 51.7
-208.8 43.7
-200.9 35.2
-200.8 24.0
-193.7 16.3
-187.0 7.1
-182.8 -3.8
-181.6 -15.3
-183.4 -26.8
-178.4 -36.6
-174.7 -47.5
-171.2 -58.6
-170.5 -70.1
-170.1 -81.8
-178.0 -88.8
-188.4 -94.1
-188.5 -103.1
-181.3 -111.8
-171.9 -118.7
-164.0 -127.0
-160.1 -137.7
-159.4 -149.3
-154.9 -158.8
-144.8 -162.8
-133.2 -161.3
-121.7 -159.7
-110.5 -160.7
-99.7 -163.7
-88.2 -162.8
-76.8 -165.3
-66.1 -165.6
-56.1 -159.9
-45.5 -160.3
-42.2 -169.0
-41.5 -177.9
-30.8 -182.0
-24.2 -188.8
-35.2 -191.9
-38.3 -203.0
-29.4 -210.5
